date,bags
20210404,3.97083
20210405,3.96923
20210406,3.96923
20210407,3.96923
20210408,3.96923
20210411,3.97
20210412,3.96923
20210413,3.97
20210414,3.97
20210415,3.97
20210416,3.97
20210417,3.97
20210418,3.97
20210419,3.97
20210420,3.97
20210421,3.97
20210422,3.97
20210423,3.97
20210424,3.97
20210425,3.97
20210426,3.97
20210427,3.97
20210428,3.97
20210429,3.97
20210430,3.97
20210501,3.97
20210502,3.97
20210503,3.97
20210504,3.97
20210505,3.97
20210506,3.97
20210507,3.97
20210508,3.97
20210509,3.97
20210510,3.97
20210511,3.97
20210512,3.97
20210513,3.97
20210514,3.97
20210515,3.97
20210516,3.97
20210517,3.97
20210518,3.97
20210519,3.97
20220830,4.46369
20220901,4.56562
20220902,4.46267
