date,beans
20210404,1.28944
20210405,1.28939
20210406,1.28939
20210407,1.28939
20210408,1.28939
20210411,1.28939
20210412,1.28939
20210413,1.28939
20210414,1.28939
20210415,1.28939
20210416,1.28939
20210417,1.28939
20210418,1.28939
20210419,1.28939
20210420,1.28939
20210421,1.28939
20210422,1.28939
20210423,1.28939
20210424,1.28939
20210425,1.28939
20210426,1.28939
20210427,1.28939
20210428,1.28939
20210429,1.28939
20210430,1.28939
20210501,1.28939
20210502,1.28939
20210503,1.28939
20210504,1.28676
20210505,1.28676
20210506,1.28676
20210507,1.28676
20210508,1.28676
20210509,1.28676
20210510,1.28676
20210511,1.28676
20210512,1.28676
20210513,1.28413
20210514,1.28413
20210515,1.28413
20210516,1.28413
20210517,1.28413
20210518,1.28413
20210519,1.28413
20220830,1.55096
20220901,1.58667
20220902,1.5508
