date,beer
20210404,13.482
20210405,13.6341
20210406,13.6105
20210407,13.5715
20210408,13.5715
20210411,13.5715
20210412,13.5715
20210413,13.5715
20210414,13.5715
20210415,13.5715
20210416,13.5715
20210417,13.5715
20210418,13.5715
20210419,13.5715
20210420,13.5715
20210421,13.5715
20210422,13.5715
20210423,13.5715
20210424,13.5715
20210425,13.5715
20210426,13.5715
20210427,13.5422
20210428,13.5715
20210429,13.5715
20210430,13.5715
20210501,13.5715
20210502,13.5715
20210503,13.5715
20210504,13.5715
20210505,13.5715
20210506,13.5736
20210507,13.5736
20210508,13.5736
20210509,13.5736
20210510,13.5736
20210511,13.5736
20210512,13.5705
20210513,13.4853
20210514,13.5448
20210515,13.5448
20210516,13.5448
20210517,13.5448
20210518,13.5448
20210519,13.5448
20220830,13.7522
20220901,14.1287
20220902,13.7546
