date,buns
20210404,2.87045
20210405,2.83542
20210406,2.83542
20210407,2.81668
20210408,2.81668
20210411,2.81668
20210412,2.81668
20210413,2.81668
20210414,2.81668
20210415,2.81668
20210416,2.81668
20210417,2.81668
20210418,2.81668
20210419,2.81668
20210420,2.81668
20210421,2.81668
20210422,2.81668
20210423,2.81668
20210424,2.81668
20210425,2.81668
20210426,2.81668
20210427,2.81668
20210428,2.81668
20210429,2.81668
20210430,2.81668
20210501,2.81668
20210502,2.81668
20210503,2.81668
20210504,2.811
20210505,2.811
20210506,2.80532
20210507,2.811
20210508,2.811
20210509,2.811
20210510,2.811
20210511,2.811
20210512,2.811
20210513,2.80532
20210514,2.80532
20210515,2.80532
20210516,2.80532
20210517,2.80532
20210518,2.80532
20210519,2.80532
20220830,3.63279
20220901,3.71604
20220902,3.63279
