date,burger
20210404,12.6214
20210405,13.6753
20210406,13.6753
20210407,13.6753
20210408,13.6753
20210411,13.6753
20210412,13.6753
20210413,13.6753
20210414,13.5043
20210415,13.5043
20210416,13.5043
20210417,13.5043
20210418,13.5043
20210419,13.5043
20210420,13.5043
20210421,13.363
20210422,13.363
20210423,13.5043
20210424,13.5043
20210425,13.5043
20210426,13.5043
20210427,13.4778
20210428,13.5043
20210429,13.5043
20210430,13.5043
20210501,13.5043
20210502,13.5043
20210503,13.5043
20210504,13.478
20210505,13.478
20210506,13.478
20210507,13.478
20210508,13.478
20210509,13.478
20210510,13.478
20210511,13.478
20210512,13.478
20210513,12.4014
20210514,12.4014
20210515,12.4014
20210516,12.4014
20210517,12.4014
20210518,12.4014
20210519,12.4014
20220830,14.7147
20220901,15.0551
20220902,14.7162
