date,cheese
20210404,3.78492
20210405,3.7845
20210406,3.7845
20210407,3.7845
20210408,3.7845
20210411,3.7845
20210412,3.7845
20210413,3.7845
20210414,3.7845
20210415,3.7845
20210416,3.7845
20210417,3.7845
20210418,3.7845
20210419,3.7845
20210420,3.7845
20210421,3.52849
20210422,3.52849
20210423,3.52849
20210424,3.52849
20210425,3.52849
20210426,3.52849
20210427,3.52138
20210428,3.52849
20210429,3.52849
20210430,3.52849
20210501,3.52849
20210502,3.52849
20210503,3.52849
20210504,3.52138
20210505,3.52138
20210506,3.52138
20210507,3.52138
20210508,3.52138
20210509,3.52138
20210510,3.52138
20210511,3.52138
20210512,3.52138
20210513,3.51428
20210514,3.51428
20210515,3.51428
20210516,3.51428
20210517,3.51428
20210518,3.51428
20210519,3.51428
20220830,4.6939
20220901,4.80146
20220902,4.69369
