date,coke
20210404,5.98154
20210405,5.98084
20210406,5.98084
20210407,5.98084
20210408,5.98084
20210411,5.98084
20210412,5.98084
20210413,5.98084
20210414,5.98084
20210415,5.98084
20210416,5.98084
20210417,5.98084
20210418,5.98084
20210419,5.98084
20210420,5.98084
20210421,5.98084
20210422,5.98084
20210423,5.98084
20210424,5.98084
20210425,5.98084
20210426,5.98084
20210427,5.98084
20210428,5.98084
20210429,5.98084
20210430,5.98084
20210501,5.98084
20210502,5.98084
20210503,5.98084
20210504,5.96864
20210505,5.96864
20210506,5.96864
20210507,5.96864
20210508,5.96864
20210509,5.96864
20210510,5.96864
20210511,5.96864
20210512,5.96864
20210513,5.95644
20210514,5.95644
20210515,5.95644
20210516,5.95644
20210517,5.95644
20210518,5.95644
20210519,5.95644
20220830,7.811
20220901,7.99
20220902,7.811
