date,fries
20210404,2.90128
20210405,2.89387
20210406,2.89387
20210407,2.89387
20210408,2.89387
20210411,2.89387
20210412,2.89387
20210413,2.89387
20210414,2.89387
20210415,2.89387
20210416,2.89387
20210417,2.89387
20210418,2.89387
20210419,2.89387
20210420,2.90365
20210421,2.90365
20210422,2.90365
20210423,2.90365
20210424,2.90365
20210425,2.90365
20210426,2.90365
20210427,2.90365
20210428,2.90365
20210429,2.90365
20210430,2.90365
20210501,2.90365
20210502,2.90365
20210503,2.90365
20210504,2.89796
20210505,2.88578
20210506,2.89796
20210507,2.89796
20210508,2.89796
20210509,2.89796
20210510,2.89796
20210511,2.89796
20210512,2.89796
20210513,2.89187
20210514,2.89187
20210515,2.89187
20210516,2.89187
20210517,2.89187
20210518,2.89187
20210519,2.89187
20220830,3.84827
20220901,3.93646
20220902,3.84839
