date,milk
20210404,2.5665
20210405,2.54255
20210406,2.54255
20210407,2.54234
20210408,2.54234
20210411,2.54234
20210412,2.54234
20210413,2.54234
20210414,2.54479
20210415,2.54458
20210416,2.54458
20210417,2.54682
20210418,2.54682
20210419,2.54682
20210420,2.54682
20210421,2.55375
20210422,2.55375
20210423,2.55375
20210424,2.55375
20210425,2.55456
20210426,2.55456
20210427,2.54279
20210428,2.55415
20210429,2.56413
20210430,2.56393
20210501,2.56393
20210502,2.56434
20210503,2.56434
20210504,2.55784
20210505,2.55764
20210506,2.56314
20210507,2.56637
20210508,2.56699
20210509,2.56699
20210510,2.56699
20210511,2.56699
20210512,2.56699
20210513,2.56456
20210514,2.56456
20210515,2.5666
20210516,2.5666
20210517,2.5666
20210518,2.56477
20210519,2.56477
20210520,2.599
20210521,2.599
20210522,2.599
20210523,2.599
20210524,2.599
20210525,2.599
20210526,2.599
20210527,2.6155
20210528,2.6155
20210529,2.6155
20210530,2.60895
20210531,2.60895
20210601,2.60895
20210602,2.61096
20210603,2.6234
20210604,2.61292
20210605,2.61292
20210606,2.61292
20210607,2.61292
20210608,2.61292
20210609,2.61435
20210610,2.62105
20210611,2.62105
20210612,2.62823
20210613,2.63014
20210614,2.63014
20210615,2.63014
20210616,2.63014
20210617,2.65263
20210618,2.65263
20210619,2.65502
20210620,2.65598
20210621,2.65598
20210622,2.65598
20210623,2.65598
20210624,2.66986
20210625,2.66986
20210626,2.66986
20210627,2.6746
20210628,2.67303
20210629,2.67303
20210630,2.67303
20210701,2.67751
20210702,2.67751
20210703,2.68398
20210704,2.68398
20210705,2.68398
20210706,2.68398
20210707,2.68398
20210708,2.69701
20210709,2.69701
20210710,2.7005
20210711,2.7005
20210712,2.7005
20210713,2.7005
20210714,2.7005
20210715,2.7
20210716,2.7
20210717,2.7
20210718,2.69605
20210719,2.69605
20210720,2.69605
20210721,2.69605
20210722,2.68455
20210723,2.68455
20210724,2.68905
20210725,2.68905
20210726,2.68905
20210727,2.68905
20210728,2.68905
20210729,2.69405
20210730,2.69405
20210731,2.69405
20210801,2.6741
20210802,2.6741
20210803,2.6741
20210804,2.6741
20210805,2.6654
20210806,2.6654
20210807,2.6684
20210808,2.6684
20210809,2.6684
20210810,2.6684
20210811,2.6684
20210812,2.6674
20210813,2.6674
20210814,2.6674
20210815,2.6674
20210816,2.6674
20210817,2.6674
20210818,2.6674
20210819,2.6694
20210820,2.6694
20210821,2.6784
20210822,2.6784
20210823,2.6784
20210824,2.6784
20210825,2.6784
20210826,2.6799
20210827,2.6799
20210828,2.6799
20210829,2.6799
20210830,2.6799
20210831,2.68085
20210901,2.68085
20210902,2.69131
20210903,2.69131
20210904,2.69131
20210905,2.69131
20210906,2.6898
20210907,2.6898
20210908,2.6898
20210909,2.68574
20210910,2.68574
20210911,2.68574
20210912,2.68269
20210913,2.68269
20210914,2.67959
20210915,2.67742
20210916,2.68
20210917,2.68
20210918,2.68515
20210919,2.68515
20210920,2.68515
20210921,2.68515
20210922,2.68515
20210923,2.69186
20210924,2.69186
20210925,2.69392
20210926,2.69392
20210927,2.68057
20210928,2.69912
20210929,2.69912
20210930,2.70865
20211001,2.70755
20211002,2.71742
20211003,2.71778
20211004,2.71626
20211005,2.71514
20211006,2.71514
20211007,2.73568
20211008,2.72371
20211009,2.69217
20211010,2.69217
20211011,2.69217
20211012,2.69549
20211013,2.69549
20211014,2.69
20211015,2.69
20211016,2.69
20211017,2.68667
20211018,2.68667
20211019,2.68667
20211020,2.68667
20211021,2.69667
20211022,2.69667
20211023,2.69667
20211024,2.69667
20211025,2.69667
20211026,2.69667
20211027,2.69667
20211028,2.71989
20211029,2.71989
20211030,2.72433
20211031,2.72433
20211101,2.72433
20211102,2.72433
20211103,2.72433
20211104,2.71831
20211105,2.71831
20211106,2.71831
20211107,2.71092
20211108,2.71092
20211109,2.71092
20211110,2.71092
20211111,2.70862
20211112,2.70862
20211113,2.70862
20211114,2.70862
20211115,2.70862
20211116,2.70862
20211117,2.70862
20211118,2.72701
20211119,2.72701
20211120,2.72701
20211121,2.73442
20211122,2.73442
20211123,2.73442
20211124,2.73442
20211125,2.73729
20211126,2.73729
20211127,2.75376
20211128,2.75376
20211129,2.75376
20211130,2.75376
20211201,2.75376
20211202,2.75376
20211203,2.75376
20211204,2.75376
20211205,2.75376
20211206,2.75214
20211207,2.75214
20211208,2.75025
20211209,2.789
20211210,2.789
20211211,2.77985
20211212,2.76333
20211213,2.75367
20211214,2.75367
20211215,2.75367
20211216,2.757
20211217,2.757
20211218,2.77033
20211219,2.772
20211220,2.772
20211221,2.7731
20211222,2.7731
20211223,2.78345
20211224,2.77632
20211225,2.77632
20211226,2.77632
20211227,2.77632
20211228,2.77632
20211229,2.77632
20211230,2.77632
20211231,2.77632
20220101,2.66636
20220102,2.66636
20220103,2.66636
20220104,2.66636
20220105,2.66636
20220106,2.66636
20220107,2.66636
20220108,2.66636
20220109,2.66636
20220110,2.66636
20220111,2.66636
20220112,2.66636
20220113,2.68455
20220114,2.68455
20220115,2.68455
20220116,2.6997
20220117,2.6997
20220118,2.6997
20220119,2.6997
20220120,2.71485
20220121,2.72091
20220122,2.72091
20220123,2.72091
20220124,2.72091
20220125,2.72091
20220126,2.72091
20220127,2.75121
20220128,2.75121
20220129,2.71788
20220130,2.71788
20220131,2.71788
20220201,2.71788
20220202,2.71788
20220203,2.72091
20220204,2.72091
20220205,2.72091
20220206,2.72091
20220207,2.72091
20220208,2.72091
20220209,2.72091
20220210,2.70879
20220211,2.70879
20220212,2.72091
20220213,2.72091
20220214,2.72091
20220215,2.72091
20220216,2.72091
20220217,2.73606
20220218,2.73606
20220219,2.73606
20220220,2.73606
20220221,2.73606
20220222,2.73606
20220223,2.73606
20220224,2.74212
20220225,2.74212
20220226,2.74212
20220227,2.74212
20220228,2.74212
20220301,2.74212
20220302,2.74212
20220303,2.75424
20220304,2.75424
20220305,2.75424
20220306,2.75424
20220307,2.75424
20220308,2.75424
20220309,2.75424
20220310,2.76636
20220311,2.76939
20220312,2.78152
20220313,2.78152
20220314,2.78152
20220315,2.78152
20220316,2.78152
20220317,2.79061
20220318,2.79061
20220319,2.79061
20220320,2.79061
20220321,2.79061
20220322,2.79061
20220323,2.79061
20220324,2.82091
20220325,2.82091
20220326,2.82091
20220327,2.83
20220328,2.83
20220329,2.83
20220330,2.83
20220331,2.86939
20220401,2.86939
20220402,2.88455
20220403,2.88455
20220404,2.88455
20220405,2.88455
20220406,2.88455
20220407,2.91788
20220408,2.91788
20220409,2.91788
20220410,2.91788
20220411,2.91788
20220412,2.91788
20220413,2.93
20220414,2.93909
20220415,2.93909
20220416,2.93909
20220417,2.93909
20220418,2.93909
20220419,2.93909
20220420,2.93909
20220421,2.98758
20220422,2.98758
20220423,2.98758
20220424,2.98758
20220425,2.98758
20220426,2.98758
20220427,2.98758
20220428,3.02091
20220429,3.02091
20220430,3.04212
20220501,3.04212
20220502,3.04212
20220503,3.04212
20220504,3.04212
20220505,3.04818
20220506,3.04818
20220507,3.04818
20220508,3.04818
20220509,3.04818
20220510,3.04818
20220511,3.04818
20220512,3.04818
20220513,3.03909
20220514,3.07545
20220515,3.07545
20220516,3.07545
20220517,3.07545
20220518,3.07545
20220519,3.09061
20220520,3.09061
20220521,3.09061
20220522,3.09061
20220523,3.09061
20220524,3.09061
20220525,3.09061
20220526,3.08758
20220527,3.08758
20220528,3.08758
20220529,3.08758
20220530,3.08758
20220531,3.08758
20220601,3.08152
20220602,3.03606
20220603,3.04212
20220604,3.04212
20220605,3.05727
20220606,3.05727
20220607,3.05727
20220608,3.05727
20220609,3.06333
20220610,3.06333
20220611,3.06333
20220612,3.06333
20220613,3.06333
20220614,3.06333
20220615,3.06333
20220616,3.01788
20220617,3.01788
20220618,3.01788
20220619,3.02697
20220620,3.02697
20220621,3.02697
20220622,3.02697
20220623,3.04818
20220624,3.04818
20220625,3.04818
20220626,3.04818
20220627,3.04818
20220628,3.04818
20220629,3.04818
20220630,3.04212
20220701,3.04212
20220702,3.04212
20220703,3.04212
20220704,3.04212
20220705,3.04212
20220706,3.04212
20220707,3.04212
20220708,3.04212
20220709,3.04212
20220710,3.04212
20220711,3.04212
20220712,3.04212
20220713,3.04818
20220714,3.04818
20220715,3.04818
20220716,3.04818
20220717,3.04818
20220718,3.04818
20220719,3.04818
20220720,3.05424
20220721,3.07242
20220722,3.07242
20220723,3.07242
20220724,3.07242
20220725,3.07242
20220726,3.07242
20220727,3.07242
20220728,3.06333
20220729,3.06333
20220730,3.06333
20220731,3.06333
20220801,3.06333
20220802,3.06333
20220803,3.06333
20220804,3.07242
20220805,3.07242
20220806,3.07242
20220807,3.07242
20220808,3.07242
20220809,3.07242
20220810,3.07242
20220811,3.07242
20220812,3.07242
20220813,3.07242
20220814,3.07242
20220815,3.07242
20220816,3.07242
20220817,3.07242
20220818,3.05727
20220819,3.05727
20220820,3.05727
20220821,3.05727
20220822,3.05727
20220823,3.05727
20220824,3.05727
20220825,3.05121
20220826,3.05121
20220827,3.05121
20220828,3.05121
20220829,3.05121
20220830,3.23511
20220901,3.29448
20220902,3.22012
