date,tide
20210404,7.98831
20210405,7.98831
20210406,7.98817
20210407,7.98817
20210408,7.98817
20210412,7.98817
20210413,7.98817
20210414,7.98817
20210415,7.98817
20210416,7.98817
20210417,7.98817
20210418,7.98817
20210419,7.98817
20210420,7.98817
20210421,7.98817
20210422,7.98817
20210423,7.98002
20210424,7.98002
20210425,7.98817
20210426,7.98817
20210427,7.98813
20210428,7.98817
20210429,7.98817
20210430,7.98817
20210501,7.98817
20210502,7.98817
20210503,7.98817
20210504,7.97189
20210505,7.93935
20210506,7.97189
20210507,7.97189
20210508,7.97189
20210509,7.97189
20210510,7.97189
20210511,7.97189
20210512,7.97189
20210513,7.95562
20210514,7.95562
20210515,7.95562
20210516,7.95562
20210517,7.95562
20210518,7.95562
20210519,7.95562
20210521,7.95562
20210522,7.95562
20210523,7.95562
20210524,7.95548
20210525,7.95562
20210526,7.95562
20210527,7.95562
20210528,7.95562
20210529,7.95562
20210530,7.95555
20210531,7.95562
20210601,7.93935
20210602,7.93935
20210603,7.93935
20210604,7.92308
20210605,7.92308
20210606,7.92308
20210607,7.92308
20210608,7.92308
20210609,7.9068
20210610,7.9068
20210611,7.9068
20210612,7.9068
20210613,7.9068
20210614,7.9068
20210615,7.9068
20210616,7.90663
20210617,7.9068
20210618,7.9068
20210619,7.9068
20210620,7.9068
20210621,7.9068
20210622,7.9068
20210623,7.9068
20210624,7.9068
20210625,7.9068
20210626,7.90629
20210627,7.9068
20210628,7.9068
20210629,7.9068
20210630,7.90663
20210701,7.9068
20210702,7.9068
20210703,7.9068
20210704,7.9068
20210705,7.9068
20210706,7.9068
20210707,7.9068
20210708,7.9068
20210709,7.9068
20210710,7.9068
20210711,7.9068
20210712,7.9068
20210713,7.90663
20210714,7.9068
20210715,7.9068
20210716,7.9068
20210717,7.9068
20210718,7.89033
20210719,7.87426
20210720,7.87426
20210721,7.87426
20210722,7.87426
20210723,7.87426
20210724,7.87426
20210725,7.87426
20210726,7.87426
20210727,7.87426
20210728,7.87426
20210729,7.87426
20210730,7.87426
20210731,7.87426
20210801,7.85798
20210802,7.85798
20210803,7.85798
20210804,7.85798
20210805,7.85798
20210806,7.85798
20210807,7.85798
20210808,7.85798
20210809,7.85798
20210810,7.85798
20210811,7.85798
20210812,7.85798
20210813,7.85798
20210814,7.85798
20210815,7.85798
20210816,7.85798
20210817,7.85798
20210818,7.85798
20210819,7.85798
20210820,7.85798
20210821,7.85798
20210822,7.85798
20210823,7.85798
20210824,7.85798
20210825,7.85798
20210826,7.85798
20210827,7.85798
20210828,7.85798
20210829,7.85798
20210830,7.85798
20210831,7.85717
20210901,7.87282
20210902,7.85717
20210903,7.85717
20210904,7.85717
20210905,7.85717
20210906,7.85717
20210907,7.8569
20210908,7.85717
20210909,7.85875
20210910,7.85902
20210911,7.85902
20210912,7.85902
20210913,7.85902
20210914,7.85902
20210915,7.85875
20210916,7.85902
20210917,7.85902
20210918,7.85902
20210919,7.85902
20210920,7.85902
20210921,7.85875
20210922,7.85902
20210923,7.84204
20210924,7.85848
20210925,7.85902
20210926,7.85902
20210927,7.85902
20210928,7.85902
20210929,7.85875
20210930,7.85902
20211001,7.85711
20211002,7.85902
20211003,7.85766
20211004,7.85821
20211005,7.85711
20211006,7.85766
20211007,7.87075
20211008,7.85902
20211009,7.87667
20211010,7.85902
20211011,7.85821
20211012,7.85875
20211013,7.85902
20211014,7.85875
20211015,7.85902
20211016,7.85902
20211017,7.85875
20211018,7.85902
20211019,7.85821
20211020,7.85902
20211021,7.85902
20211022,7.85902
20211023,7.85902
20211024,7.85902
20211025,7.85902
20211026,7.85875
20211027,7.85902
20211028,7.85848
20211029,7.85875
20211030,7.85902
20211031,7.85902
20211101,7.85848
20211102,7.85875
20211103,7.85902
20211104,7.85875
20211105,7.85902
20211106,7.85875
20211107,7.85875
20211108,7.85875
20211109,7.85902
20211110,7.85902
20211111,7.85902
20211112,7.85902
20211113,7.85875
20211114,7.85902
20211115,7.85902
20211116,7.85875
20211117,7.87515
20211118,7.85902
20211119,7.85902
20211120,7.85902
20211121,7.85902
20211122,7.85875
20211123,7.85848
20211124,7.85902
20211125,7.85902
20211126,7.85902
20211127,7.85875
20211128,7.85848
20211129,7.85875
20211130,7.85902
20211201,7.85875
20211202,7.85875
20211203,7.85902
20211204,7.85875
20211205,7.85902
20211206,7.85875
20211207,7.85902
20211208,7.86681
20211209,7.85875
20211210,7.86841
20211211,7.84921
20211212,7.85013
20211213,7.84732
20211214,7.85875
20211215,7.85848
20211216,7.85902
20211217,7.84173
20211218,7.84264
20211219,7.84264
20211220,7.84234
20211221,7.84264
20211222,7.84234
20211223,7.84234
20211224,7.84173
20211225,7.84264
20211226,7.84264
20211227,7.84234
20211228,7.84264
20211229,7.84234
20211230,7.85821
20211231,7.84234
20220101,7.84264
20220102,7.84264
20220103,7.84204
20220104,7.84234
20220105,7.84264
20220106,7.84234
20220107,7.84264
20220108,7.84234
20220109,7.84264
20220110,7.84264
20220111,7.84264
20220112,7.84264
20220113,7.84858
20220114,7.84858
20220115,7.83265
20220116,7.84264
20220117,7.84764
20220118,7.83435
20220119,7.83401
20220120,7.86346
20220121,7.84264
20220122,7.84264
20220123,7.84264
20220124,7.84264
20220125,7.84264
20220126,7.84264
20220127,7.87279
20220128,7.84264
20220129,7.84264
20220130,7.84204
20220131,7.82627
20220201,7.82627
20220202,7.82593
20220203,7.82627
20220204,7.82627
20220205,7.82627
20220206,7.82627
20220207,7.82627
20220208,7.82627
20220209,7.82627
20220210,7.82627
20220211,7.82593
20220212,7.82627
20220213,7.82627
20220214,7.82627
20220215,7.82627
20220216,7.82627
20220217,7.82627
20220218,7.82627
20220219,7.82627
20220220,7.82627
20220221,7.82627
20220222,7.82593
20220223,7.82627
20220224,7.82627
20220225,7.82627
20220226,7.82627
20220227,7.82627
20220228,7.82627
20220301,7.82627
20220302,7.82627
20220303,7.85086
20220304,7.85393
20220305,7.85393
20220306,7.85393
20220307,7.85393
20220308,7.85393
20220309,7.85393
20220310,7.85393
20220311,7.85393
20220312,7.85393
20220313,7.85393
20220314,7.85337
20220315,7.85393
20220316,7.85309
20220317,7.83847
20220318,7.85393
20220319,7.85393
20220320,7.85366
20220321,7.83756
20220322,7.82901
20220323,7.82901
20220324,7.82934
20220325,7.82934
20220326,7.82934
20220327,7.82901
20220328,7.82934
20220329,7.82901
20220330,7.68072
20220331,7.82901
20220401,7.82103
20220402,7.81516
20220403,7.82868
20220404,7.82802
20220405,7.82901
20220406,7.82901
20220407,7.82901
20220408,7.82901
20220409,7.82901
20220410,7.82835
20220411,7.82901
20220412,7.82934
20220413,7.82934
20220414,7.82934
20220415,7.82901
20220416,7.82901
20220417,7.82934
20220418,7.82593
20220419,7.82423
20220420,7.82526
20220421,7.82627
20220422,7.82526
20220423,7.8256
20220424,7.84204
20220425,7.8256
20220426,7.82627
20220427,7.82593
20220428,7.82627
20220429,7.82627
20220430,7.82627
20220501,7.82627
20220502,7.82492
20220503,7.82627
20220504,7.8256
20220505,7.82593
20220506,7.82458
20220507,7.82593
20220508,7.82526
20220509,7.82627
20220510,7.82627
20220511,7.82627
20220512,7.85393
20220513,7.85366
20220514,7.85393
20220515,7.85366
20220516,7.85393
20220517,7.85029
20220518,7.85366
20220519,7.85393
20220520,7.85393
20220521,7.85393
20220522,7.85366
20220523,7.85393
20220524,7.85393
20220525,7.85393
20220526,7.85393
20220527,7.85393
20220528,7.85366
20220529,7.85057
20220530,7.85393
20220531,7.85393
20220601,7.85366
20220602,7.85366
20220603,7.85393
20220604,7.85393
20220605,7.85393
20220606,7.85366
20220607,7.85366
20220608,7.85281
20220609,7.85366
20220610,7.84971
20220611,7.85393
20220612,7.85393
20220613,7.85366
20220614,7.85366
20220615,7.85366
20220616,7.85366
20220617,7.85366
20220618,7.85393
20220619,7.85393
20220620,7.85393
20220621,7.85393
20220622,7.85366
20220623,7.85366
20220624,7.85057
20220625,7.85393
20220626,7.85393
20220627,7.85393
20220628,7.85057
20220629,7.85393
20220630,7.85393
20220701,7.85393
20220702,7.85393
20220703,7.85393
20220704,7.85393
20220705,7.85393
20220706,7.85366
20220707,7.85393
20220708,7.85393
20220709,7.85366
20220710,7.85366
20220711,7.85366
20220712,7.87006
20220713,7.85393
20220714,7.85337
20220715,7.85393
20220716,7.84971
20220717,7.85366
20220718,7.85393
20220719,7.84971
20220720,7.85393
20220721,7.85393
20220722,7.85393
20220723,7.85366
20220724,7.85337
20220725,7.85366
20220726,7.85393
20220727,7.85366
20220728,7.85366
20220729,7.85366
20220730,7.85393
20220731,7.85393
20220801,7.85393
20220802,7.85337
20220803,7.85393
20220804,7.85393
20220805,7.85393
20220806,7.85366
20220807,7.83417
20220808,7.83449
20220809,7.83385
20220810,7.83449
20220811,7.83449
20220812,7.83417
20220813,7.83449
20220814,7.83417
20220815,7.83449
20220816,7.83449
20220817,7.83512
20220818,7.83481
20220819,7.83512
20220820,7.83481
20220821,7.83512
20220822,7.83449
20220823,7.83544
20220824,7.83512
20220825,7.83512
20220826,7.83544
20220827,7.83544
20220828,7.83449
20220829,7.83544
20220901,8.01505
20220902,7.83544
